Format: iu iv member
X1	Y1
X2	Y2
...

3	-7	4
6.17153	0.5626
6.49635	-1.16603e-08
7.14598	-1.28263e-08
6.49635	1.1252

4	-7	4
6.17153	-0.5626
6.49634	-1.1252
7.14598	-1.28263e-08
6.49635	-1.16603e-08

1	-6	4
5.19708	2.2504
5.52189	1.6878
6.17153	1.6878
5.52189	2.813

2	-6	6
5.19708	1.1252
5.52189	0.5626
6.17153	0.5626
6.49635	1.1252
6.17153	1.6878
5.52189	1.6878

3	-6	6
5.19708	-9.32821e-09
5.52189	-0.5626
6.17153	-0.5626
6.49635	-1.16603e-08
6.17153	0.5626
5.52189	0.5626

4	-6	6
5.19708	-1.1252
5.52189	-1.6878
6.17153	-1.6878
6.49634	-1.1252
6.17153	-0.5626
5.52189	-0.5626

5	-6	4
5.19708	-2.2504
5.52189	-2.813
6.17153	-1.6878
5.52189	-1.6878

-1	-5	4
4.22262	3.9382
4.54744	3.3756
5.19708	3.3756
4.54744	4.5008

0	-5	6
4.22262	2.813
4.54744	2.2504
5.19708	2.2504
5.52189	2.813
5.19708	3.3756
4.54744	3.3756

1	-5	6
4.22262	1.6878
4.54744	1.1252
5.19708	1.1252
5.52189	1.6878
5.19708	2.2504
4.54744	2.2504

2	-5	6
4.22262	0.5626
4.54744	-8.16219e-09
5.19708	-9.32821e-09
5.52189	0.5626
5.19708	1.1252
4.54744	1.1252

3	-5	6
4.22262	-0.5626
4.54744	-1.1252
5.19708	-1.1252
5.52189	-0.5626
5.19708	-9.32821e-09
4.54744	-8.16219e-09

4	-5	6
4.22262	-1.6878
4.54744	-2.2504
5.19708	-2.2504
5.52189	-1.6878
5.19708	-1.1252
4.54744	-1.1252

5	-5	6
4.22262	-2.813
4.54744	-3.3756
5.19708	-3.3756
5.52189	-2.813
5.19708	-2.2504
4.54744	-2.2504

6	-5	4
4.22262	-3.9382
4.54744	-4.5008
5.19708	-3.3756
4.54744	-3.3756

-3	-4	4
3.24817	5.626
3.57299	5.0634
4.22262	5.0634
3.57299	6.1886

-2	-4	6
3.24817	4.5008
3.57299	3.9382
4.22262	3.9382
4.54744	4.5008
4.22262	5.0634
3.57299	5.0634

-1	-4	6
3.24817	3.3756
3.57299	2.813
4.22262	2.813
4.54744	3.3756
4.22262	3.9382
3.57299	3.9382

0	-4	6
3.24817	2.2504
3.57299	1.6878
4.22262	1.6878
4.54744	2.2504
4.22262	2.813
3.57299	2.813

1	-4	6
3.24817	1.1252
3.57299	0.5626
4.22262	0.5626
4.54744	1.1252
4.22262	1.6878
3.57299	1.6878

2	-4	6
3.24817	-5.83013e-09
3.57299	-0.5626
4.22262	-0.5626
4.54744	-8.16219e-09
4.22262	0.5626
3.57299	0.5626

3	-4	6
3.24817	-1.1252
3.57299	-1.6878
4.22262	-1.6878
4.54744	-1.1252
4.22262	-0.5626
3.57299	-0.5626

4	-4	6
3.24817	-2.2504
3.57299	-2.813
4.22262	-2.813
4.54744	-2.2504
4.22262	-1.6878
3.57299	-1.6878

5	-4	6
3.24817	-3.3756
3.57299	-3.9382
4.22262	-3.9382
4.54744	-3.3756
4.22262	-2.813
3.57299	-2.813

6	-4	6
3.24817	-4.5008
3.57299	-5.0634
4.22262	-5.0634
4.54744	-4.5008
4.22262	-3.9382
3.57299	-3.9382

7	-4	4
3.24817	-5.626
3.57299	-6.1886
4.22262	-5.0634
3.57299	-5.0634

-4	-3	4
2.27372	6.1886
2.59854	5.626
3.24817	5.626
3.57299	6.1886

-3	-3	6
2.27372	5.0634
2.59854	4.5008
3.24817	4.5008
3.57299	5.0634
3.24817	5.626
2.59854	5.626

-2	-3	6
2.27372	3.9382
2.59854	3.3756
3.24817	3.3756
3.57299	3.9382
3.24817	4.5008
2.59854	4.5008

-1	-3	6
2.27372	2.813
2.59854	2.2504
3.24817	2.2504
3.57299	2.813
3.24817	3.3756
2.59854	3.3756

0	-3	6
2.27372	1.6878
2.59854	1.1252
3.24817	1.1252
3.57299	1.6878
3.24817	2.2504
2.59854	2.2504

1	-3	6
2.27372	0.5626
2.59854	-4.66411e-09
3.24817	-5.83013e-09
3.57299	0.5626
3.24817	1.1252
2.59854	1.1252

2	-3	6
2.27372	-0.5626
2.59854	-1.1252
3.24817	-1.1252
3.57299	-0.5626
3.24817	-5.83013e-09
2.59854	-4.66411e-09

3	-3	6
2.27372	-1.6878
2.59854	-2.2504
3.24817	-2.2504
3.57299	-1.6878
3.24817	-1.1252
2.59854	-1.1252

4	-3	6
2.27372	-2.813
2.59854	-3.3756
3.24817	-3.3756
3.57299	-2.813
3.24817	-2.2504
2.59854	-2.2504

5	-3	6
2.27372	-3.9382
2.59854	-4.5008
3.24817	-4.5008
3.57299	-3.9382
3.24817	-3.3756
2.59854	-3.3756

6	-3	6
2.27372	-5.0634
2.59854	-5.626
3.24817	-5.626
3.57299	-5.0634
3.24817	-4.5008
2.59854	-4.5008

7	-3	4
2.27372	-6.1886
3.57299	-6.1886
3.24817	-5.626
2.59854	-5.626

-4	-2	6
1.29927	5.626
1.62409	5.0634
2.27372	5.0634
2.59854	5.626
2.27372	6.1886
1.62409	6.1886

-3	-2	6
1.29927	4.5008
1.62409	3.9382
2.27372	3.9382
2.59854	4.5008
2.27372	5.0634
1.62409	5.0634

-2	-2	6
1.29927	3.3756
1.62409	2.813
2.27372	2.813
2.59854	3.3756
2.27372	3.9382
1.62409	3.9382

-1	-2	6
1.29927	2.2504
1.62409	1.6878
2.27372	1.6878
2.59854	2.2504
2.27372	2.813
1.62409	2.813

0	-2	6
1.29927	1.1252
1.62409	0.5626
2.27372	0.5626
2.59854	1.1252
2.27372	1.6878
1.62409	1.6878

1	-2	6
1.29927	-2.33205e-09
1.62409	-0.5626
2.27372	-0.5626
2.59854	-4.66411e-09
2.27372	0.5626
1.62409	0.5626

2	-2	6
1.29927	-1.1252
1.62409	-1.6878
2.27372	-1.6878
2.59854	-1.1252
2.27372	-0.5626
1.62409	-0.5626

3	-2	6
1.29927	-2.2504
1.62409	-2.813
2.27372	-2.813
2.59854	-2.2504
2.27372	-1.6878
1.62409	-1.6878

4	-2	6
1.29927	-3.3756
1.62409	-3.9382
2.27372	-3.9382
2.59854	-3.3756
2.27372	-2.813
1.62409	-2.813

5	-2	6
1.29927	-4.5008
1.62409	-5.0634
2.27372	-5.0634
2.59854	-4.5008
2.27372	-3.9382
1.62409	-3.9382

6	-2	6
1.29927	-5.626
1.62409	-6.1886
2.27372	-6.1886
2.59854	-5.626
2.27372	-5.0634
1.62409	-5.0634

-5	-1	4
0.324817	6.1886
0.649635	5.626
1.29927	5.626
1.62409	6.1886

-4	-1	6
0.324817	5.0634
0.649635	4.5008
1.29927	4.5008
1.62409	5.0634
1.29927	5.626
0.649635	5.626

-3	-1	6
0.324817	3.9382
0.649635	3.3756
1.29927	3.3756
1.62409	3.9382
1.29927	4.5008
0.649635	4.5008

-2	-1	6
0.324817	2.813
0.649635	2.2504
1.29927	2.2504
1.62409	2.813
1.29927	3.3756
0.649635	3.3756

-1	-1	6
0.324817	1.6878
0.649635	1.1252
1.29927	1.1252
1.62409	1.6878
1.29927	2.2504
0.649635	2.2504

0	-1	6
0.324817	0.5626
0.649635	-1.16603e-09
1.29927	-2.33205e-09
1.62409	0.5626
1.29927	1.1252
0.649635	1.1252

1	-1	6
0.324817	-0.5626
0.649634	-1.1252
1.29927	-1.1252
1.62409	-0.5626
1.29927	-2.33205e-09
0.649635	-1.16603e-09

2	-1	6
0.324817	-1.6878
0.649634	-2.2504
1.29927	-2.2504
1.62409	-1.6878
1.29927	-1.1252
0.649634	-1.1252

3	-1	6
0.324817	-2.813
0.649634	-3.3756
1.29927	-3.3756
1.62409	-2.813
1.29927	-2.2504
0.649634	-2.2504

4	-1	6
0.324817	-3.9382
0.649634	-4.5008
1.29927	-4.5008
1.62409	-3.9382
1.29927	-3.3756
0.649634	-3.3756

5	-1	6
0.324817	-5.0634
0.649634	-5.626
1.29927	-5.626
1.62409	-5.0634
1.29927	-4.5008
0.649634	-4.5008

6	-1	4
0.324817	-6.1886
1.62409	-6.1886
1.29927	-5.626
0.649634	-5.626

-5	0	6
-0.649634	5.626
-0.324817	5.0634
0.324817	5.0634
0.649635	5.626
0.324817	6.1886
-0.324817	6.1886

-4	0	6
-0.649634	4.5008
-0.324817	3.9382
0.324817	3.9382
0.649635	4.5008
0.324817	5.0634
-0.324817	5.0634

-3	0	6
-0.649634	3.3756
-0.324817	2.813
0.324817	2.813
0.649635	3.3756
0.324817	3.9382
-0.324817	3.9382

-2	0	6
-0.649634	2.2504
-0.324817	1.6878
0.324817	1.6878
0.649635	2.2504
0.324817	2.813
-0.324817	2.813

-1	0	6
-0.649634	1.1252
-0.324817	0.5626
0.324817	0.5626
0.649635	1.1252
0.324817	1.6878
-0.324817	1.6878

0	0	6
-0.649635	1.16603e-09
-0.324817	-0.5626
0.324817	-0.5626
0.649635	-1.16603e-09
0.324817	0.5626
-0.324817	0.5626

1	0	6
-0.649635	-1.1252
-0.324817	-1.6878
0.324817	-1.6878
0.649634	-1.1252
0.324817	-0.5626
-0.324817	-0.5626

2	0	6
-0.649635	-2.2504
-0.324817	-2.813
0.324817	-2.813
0.649634	-2.2504
0.324817	-1.6878
-0.324817	-1.6878

3	0	6
-0.649635	-3.3756
-0.324817	-3.9382
0.324817	-3.9382
0.649634	-3.3756
0.324817	-2.813
-0.324817	-2.813

4	0	6
-0.649635	-4.5008
-0.324817	-5.0634
0.324817	-5.0634
0.649634	-4.5008
0.324817	-3.9382
-0.324817	-3.9382

5	0	6
-0.649635	-5.626
-0.324817	-6.1886
0.324817	-6.1886
0.649634	-5.626
0.324817	-5.0634
-0.324817	-5.0634

-6	1	4
-1.62409	6.1886
-1.29927	5.626
-0.649634	5.626
-0.324817	6.1886

-5	1	6
-1.62409	5.0634
-1.29927	4.5008
-0.649634	4.5008
-0.324817	5.0634
-0.649634	5.626
-1.29927	5.626

-4	1	6
-1.62409	3.9382
-1.29927	3.3756
-0.649634	3.3756
-0.324817	3.9382
-0.649634	4.5008
-1.29927	4.5008

-3	1	6
-1.62409	2.813
-1.29927	2.2504
-0.649634	2.2504
-0.324817	2.813
-0.649634	3.3756
-1.29927	3.3756

-2	1	6
-1.62409	1.6878
-1.29927	1.1252
-0.649634	1.1252
-0.324817	1.6878
-0.649634	2.2504
-1.29927	2.2504

-1	1	6
-1.62409	0.5626
-1.29927	2.33205e-09
-0.649635	1.16603e-09
-0.324817	0.5626
-0.649634	1.1252
-1.29927	1.1252

0	1	6
-1.62409	-0.5626
-1.29927	-1.1252
-0.649635	-1.1252
-0.324817	-0.5626
-0.649635	1.16603e-09
-1.29927	2.33205e-09

1	1	6
-1.62409	-1.6878
-1.29927	-2.2504
-0.649635	-2.2504
-0.324817	-1.6878
-0.649635	-1.1252
-1.29927	-1.1252

2	1	6
-1.62409	-2.813
-1.29927	-3.3756
-0.649635	-3.3756
-0.324817	-2.813
-0.649635	-2.2504
-1.29927	-2.2504

3	1	6
-1.62409	-3.9382
-1.29927	-4.5008
-0.649635	-4.5008
-0.324817	-3.9382
-0.649635	-3.3756
-1.29927	-3.3756

4	1	6
-1.62409	-5.0634
-1.29927	-5.626
-0.649635	-5.626
-0.324817	-5.0634
-0.649635	-4.5008
-1.29927	-4.5008

5	1	4
-1.62409	-6.1886
-0.324817	-6.1886
-0.649635	-5.626
-1.29927	-5.626

-6	2	6
-2.59854	5.626
-2.27372	5.0634
-1.62409	5.0634
-1.29927	5.626
-1.62409	6.1886
-2.27372	6.1886

-5	2	6
-2.59854	4.5008
-2.27372	3.9382
-1.62409	3.9382
-1.29927	4.5008
-1.62409	5.0634
-2.27372	5.0634

-4	2	6
-2.59854	3.3756
-2.27372	2.813
-1.62409	2.813
-1.29927	3.3756
-1.62409	3.9382
-2.27372	3.9382

-3	2	6
-2.59854	2.2504
-2.27372	1.6878
-1.62409	1.6878
-1.29927	2.2504
-1.62409	2.813
-2.27372	2.813

-2	2	6
-2.59854	1.1252
-2.27372	0.5626
-1.62409	0.5626
-1.29927	1.1252
-1.62409	1.6878
-2.27372	1.6878

-1	2	6
-2.59854	4.66411e-09
-2.27372	-0.5626
-1.62409	-0.5626
-1.29927	2.33205e-09
-1.62409	0.5626
-2.27372	0.5626

0	2	6
-2.59854	-1.1252
-2.27372	-1.6878
-1.62409	-1.6878
-1.29927	-1.1252
-1.62409	-0.5626
-2.27372	-0.5626

1	2	6
-2.59854	-2.2504
-2.27372	-2.813
-1.62409	-2.813
-1.29927	-2.2504
-1.62409	-1.6878
-2.27372	-1.6878

2	2	6
-2.59854	-3.3756
-2.27372	-3.9382
-1.62409	-3.9382
-1.29927	-3.3756
-1.62409	-2.813
-2.27372	-2.813

3	2	6
-2.59854	-4.5008
-2.27372	-5.0634
-1.62409	-5.0634
-1.29927	-4.5008
-1.62409	-3.9382
-2.27372	-3.9382

4	2	6
-2.59854	-5.626
-2.27372	-6.1886
-1.62409	-6.1886
-1.29927	-5.626
-1.62409	-5.0634
-2.27372	-5.0634

-7	3	4
-3.57299	6.1886
-3.24817	5.626
-2.59854	5.626
-2.27372	6.1886

-6	3	6
-3.57299	5.0634
-3.24817	4.5008
-2.59854	4.5008
-2.27372	5.0634
-2.59854	5.626
-3.24817	5.626

-5	3	6
-3.57299	3.9382
-3.24817	3.3756
-2.59854	3.3756
-2.27372	3.9382
-2.59854	4.5008
-3.24817	4.5008

-4	3	6
-3.57299	2.813
-3.24817	2.2504
-2.59854	2.2504
-2.27372	2.813
-2.59854	3.3756
-3.24817	3.3756

-3	3	6
-3.57299	1.6878
-3.24817	1.1252
-2.59854	1.1252
-2.27372	1.6878
-2.59854	2.2504
-3.24817	2.2504

-2	3	6
-3.57299	0.5626
-3.24817	5.83013e-09
-2.59854	4.66411e-09
-2.27372	0.5626
-2.59854	1.1252
-3.24817	1.1252

-1	3	6
-3.57299	-0.5626
-3.24817	-1.1252
-2.59854	-1.1252
-2.27372	-0.5626
-2.59854	4.66411e-09
-3.24817	5.83013e-09

0	3	6
-3.57299	-1.6878
-3.24817	-2.2504
-2.59854	-2.2504
-2.27372	-1.6878
-2.59854	-1.1252
-3.24817	-1.1252

1	3	6
-3.57299	-2.813
-3.24817	-3.3756
-2.59854	-3.3756
-2.27372	-2.813
-2.59854	-2.2504
-3.24817	-2.2504

2	3	6
-3.57299	-3.9382
-3.24817	-4.5008
-2.59854	-4.5008
-2.27372	-3.9382
-2.59854	-3.3756
-3.24817	-3.3756

3	3	6
-3.57299	-5.0634
-3.24817	-5.626
-2.59854	-5.626
-2.27372	-5.0634
-2.59854	-4.5008
-3.24817	-4.5008

4	3	4
-3.57299	-6.1886
-2.27372	-6.1886
-2.59854	-5.626
-3.24817	-5.626

-7	4	4
-4.22262	5.0634
-3.57299	5.0634
-3.24817	5.626
-3.57299	6.1886

-6	4	6
-4.54744	4.5008
-4.22262	3.9382
-3.57299	3.9382
-3.24817	4.5008
-3.57299	5.0634
-4.22262	5.0634

-5	4	6
-4.54744	3.3756
-4.22262	2.813
-3.57299	2.813
-3.24817	3.3756
-3.57299	3.9382
-4.22262	3.9382

-4	4	6
-4.54744	2.2504
-4.22262	1.6878
-3.57299	1.6878
-3.24817	2.2504
-3.57299	2.813
-4.22262	2.813

-3	4	6
-4.54744	1.1252
-4.22262	0.5626
-3.57299	0.5626
-3.24817	1.1252
-3.57299	1.6878
-4.22262	1.6878

-2	4	6
-4.54744	8.16219e-09
-4.22262	-0.5626
-3.57299	-0.5626
-3.24817	5.83013e-09
-3.57299	0.5626
-4.22262	0.5626

-1	4	6
-4.54744	-1.1252
-4.22262	-1.6878
-3.57299	-1.6878
-3.24817	-1.1252
-3.57299	-0.5626
-4.22262	-0.5626

0	4	6
-4.54744	-2.2504
-4.22262	-2.813
-3.57299	-2.813
-3.24817	-2.2504
-3.57299	-1.6878
-4.22262	-1.6878

1	4	6
-4.54744	-3.3756
-4.22262	-3.9382
-3.57299	-3.9382
-3.24817	-3.3756
-3.57299	-2.813
-4.22262	-2.813

2	4	6
-4.54744	-4.5008
-4.22262	-5.0634
-3.57299	-5.0634
-3.24817	-4.5008
-3.57299	-3.9382
-4.22262	-3.9382

3	4	4
-3.57299	-6.1886
-3.24817	-5.626
-3.57299	-5.0634
-4.22262	-5.0634

-6	5	4
-5.19708	3.3756
-4.54744	3.3756
-4.22262	3.9382
-4.54744	4.5008

-5	5	6
-5.52189	2.813
-5.19708	2.2504
-4.54744	2.2504
-4.22262	2.813
-4.54744	3.3756
-5.19708	3.3756

-4	5	6
-5.52189	1.6878
-5.19708	1.1252
-4.54744	1.1252
-4.22262	1.6878
-4.54744	2.2504
-5.19708	2.2504

-3	5	6
-5.52189	0.5626
-5.19708	9.32821e-09
-4.54744	8.16219e-09
-4.22262	0.5626
-4.54744	1.1252
-5.19708	1.1252

-2	5	6
-5.52189	-0.5626
-5.19708	-1.1252
-4.54744	-1.1252
-4.22262	-0.5626
-4.54744	8.16219e-09
-5.19708	9.32821e-09

-1	5	6
-5.52189	-1.6878
-5.19708	-2.2504
-4.54744	-2.2504
-4.22262	-1.6878
-4.54744	-1.1252
-5.19708	-1.1252

0	5	6
-5.52189	-2.813
-5.19708	-3.3756
-4.54744	-3.3756
-4.22262	-2.813
-4.54744	-2.2504
-5.19708	-2.2504

1	5	4
-4.54744	-4.5008
-4.22262	-3.9382
-4.54744	-3.3756
-5.19708	-3.3756

-5	6	4
-6.17153	1.6878
-5.52189	1.6878
-5.19708	2.2504
-5.52189	2.813

-4	6	6
-6.49634	1.1252
-6.17153	0.5626
-5.52189	0.5626
-5.19708	1.1252
-5.52189	1.6878
-6.17153	1.6878

-3	6	6
-6.49635	1.16603e-08
-6.17153	-0.5626
-5.52189	-0.5626
-5.19708	9.32821e-09
-5.52189	0.5626
-6.17153	0.5626

-2	6	6
-6.49635	-1.1252
-6.17153	-1.6878
-5.52189	-1.6878
-5.19708	-1.1252
-5.52189	-0.5626
-6.17153	-0.5626

-1	6	4
-5.52189	-2.813
-5.19708	-2.2504
-5.52189	-1.6878
-6.17153	-1.6878

-4	7	4
-7.14598	1.28263e-08
-6.49635	1.16603e-08
-6.17153	0.5626
-6.49634	1.1252

-3	7	4
-6.49635	-1.1252
-6.17153	-0.5626
-6.49635	1.16603e-08
-7.14598	1.28263e-08

